4 2 5 6 18 2 5 5 2 12 9 14 16 4 4 1 6 6 7 10 6 2 13 12 2 1 1 1 4 5 5 1 3 10 5 3 1 4 1 5 13 8 2 1 13 8 9 5 6 9 4 4 12 2 6 9 2 4 10 12 2 2 7 5 15 3 4 1 6 3 7 6 5 16 12 4 3 16 9 6 8 6 1 17 1 11 1 5 5 7 4 4 10 3 5 4 5 4 2 14 4 4 5 5 12 14 2 5 4 6 2 14 14 1 6 4 6 1 9 6 19 7 2 7 5 20 4 4 9 6 5 2 4 18 5 9 4 9 4 4 4 9 10 1 4 1 9 16 2 12 1 4 15 3 1 2 1 8 6 13 8 6 9 2 8 4 9 10 2 11 6 2 4 4 4 12 4 4 11 1 3 7 4 17 15 6 1 8 2 11 6 6 3 4 12 4 1 4 4 14 17 9 2 5 9 4 6 5 16 10 1 11 12 13 4 4 5 5 13 2 5 7 6 10 4 6 2 4 7 12 6 1 13 2 4 2 8 12 4 12 3 13 4 12 6 2 6 1 1 1 18 4 2 5 2 3 4 5 1 4 15 2 6 10 4 5 2 2 7 5 6 1 6 8 8 11 5 2 1 1 3 8 4 6 6 5 8 11 1 2 15 17 5 4 5 7 6 6 7 12 1 3 4 15 1 17 5 1 2 4 7 5 2 8 5 1 4 5 10 6 4 4 2 2 4 4 14 9 7 14 5 20 5 2 1 4 5 4 2 2 1 7 3 6 19 4 3 7 4 2 11 4 3 14 1 1 1 7 20 13 3 14 4 5 14 6 4 13 2 4 7 10 2 15 10 7 1 2 1 1 6 2 1 8 6 1 7 15 13 11 2 4 4 12 11 5 4 15 1 5 4 1 13 2 1 5 1 4 4 5 8 15 2 2 15 8 4 5 13 4 2 5 1 4 8 6 7 9 6 9 3 3 17 10 10 10 4 6 6 1 4 2 3 5 15 2 5 1 4 1 10 5 1 2 1 5 10 4 6 10 1 16 3 5 5 7 4 1 1 4 3 16 2 8 11 4 4 2 19 2 4 18 7 5 1 3 10 5 3 5 4 9 4 5 15 2 15 17 4 2 2 14 7 1 19 4 2 13 8 1 4 11 6 1 5 12 14 2 1 14 4 5 1 2 1 15 8 1 6 13 13 4 1 5 3 4 1 6 10 6 6 8 10 4 17 3 4 5 20 1 5 1 15 4 3 7 4 11 1 4 1 1 7 1 5 7 4 5 18 1 10 2 1 5 12 4 3 4 7 1 4 2 5 4 1 10 6 5 5 1 5 17 8 2 6 5 8 15 1 2 6 3 10 1 9 6 6 6 3 4 9 6 2 1 14 4 12 13 2 2 1 1 2 7 5 5 2 5 12 14 5 5 5 13 1 11 1 9 4 4 5 12 1 7 1 1 3 2 19 4 1 2 1 15 4 17 2 4 3 6 4 4 8 5 11 11 14 9 9 3 8 4 2 7 2 11 16 1 2 2 2 1 2 9 5 1 2 7 16 5 5 10 4 6 11 14 6 7 4 4 14 1 11 11 13 4 5 4 5 2 5 6 1 8 18 1 7 2 14 1 4 19 1 1 1 7 17 6 7 6 4 6 13 17 1 18 4 6 4 4 9 4 14 2 25 25 25 
5 10 15 20 
0 5 
5 10 15 20 24 
5 8 10 13 15 20 
5 6 7 10 11 12 13 14 15 16 17 18 19 20 21 22 23 24 
0 5 
5 10 15 19 20 
5 10 11 15 20 
0 1 
5 6 10 11 12 15 16 17 18 20 21 22 
5 7 10 12 15 16 17 18 20 
5 6 7 8 9 10 11 12 13 14 15 17 19 20 
5 6 10 11 12 13 15 16 17 18 19 20 21 22 23 24 
5 10 15 20 
5 10 15 20 
0 
0 1 2 3 4 5 
5 6 10 12 15 20 
0 5 10 15 18 20 22 
5 10 15 16 17 18 20 21 22 23 
5 6 10 15 20 22 
0 5 
5 6 8 10 11 12 15 16 17 20 22 23 24 
5 6 7 10 11 13 15 17 18 19 20 21 
0 5 
0 
0 
24 
5 22 23 24 
5 6 10 15 20 
5 10 15 20 23 
20 
0 2 4 
5 6 10 15 17 18 20 22 23 24 
5 10 13 15 20 
0 2 5 
0 
5 10 15 20 
0 
5 10 15 16 20 
5 6 10 11 12 15 16 17 18 20 21 22 23 
5 6 10 11 15 20 21 23 
0 5 
24 
5 6 7 10 11 12 13 15 16 17 19 20 22 
5 6 10 11 13 14 15 20 
5 6 10 12 15 17 20 21 22 
0 1 2 4 5 
5 10 15 17 20 24 
5 6 10 11 13 15 16 20 22 
0 5 7 8 
0 3 4 5 
5 10 12 14 15 16 18 19 20 22 23 24 
11 20 
0 1 2 3 4 5 
5 10 14 15 19 20 22 23 24 
0 1 
5 10 15 20 
5 10 11 12 15 18 20 21 22 23 
10 12 15 16 17 18 19 20 21 22 23 24 
0 20 
0 5 
5 10 11 12 15 20 22 
5 10 15 20 21 
5 6 7 10 11 12 15 17 18 19 20 21 22 23 24 
0 2 5 
5 10 15 20 
0 
14 19 20 22 23 24 
0 3 5 
5 6 10 11 15 18 20 
5 10 12 14 15 20 
5 10 15 19 20 
5 7 10 11 12 13 15 16 17 18 19 20 21 22 23 24 
5 10 14 15 16 18 19 20 21 22 23 24 
5 10 15 20 
0 5 15 
5 6 7 10 11 12 14 15 16 17 18 19 20 21 23 24 
5 10 12 15 17 20 21 22 24 
5 10 11 12 15 20 
5 10 12 15 16 17 20 21 
0 1 2 3 4 5 
0 
5 7 10 11 12 13 14 15 16 17 18 19 20 21 22 23 24 
0 
5 10 11 15 17 19 20 21 22 23 24 
0 
0 5 10 15 20 
0 5 10 15 20 
5 8 10 11 12 15 20 
5 10 15 20 
5 10 15 20 
5 6 10 11 15 17 20 21 22 23 
19 20 24 
0 5 10 15 20 
5 10 15 20 
5 10 11 15 20 
5 10 15 20 
0 5 
9 10 11 13 15 16 17 18 19 20 21 22 23 24 
5 10 15 20 
5 10 15 20 
5 10 15 20 24 
5 10 12 15 20 
5 9 10 13 15 17 18 19 20 22 23 24 
5 10 11 13 15 16 17 18 19 20 21 22 23 24 
0 5 
5 10 15 20 23 
5 10 15 20 
5 10 12 15 16 20 
0 5 
5 6 10 11 12 15 16 17 18 20 21 22 23 24 
5 7 10 11 12 13 15 16 17 18 19 20 21 23 
0 
0 5 10 15 20 23 
5 10 15 20 
5 10 12 15 20 24 
0 
5 6 10 11 12 15 16 20 22 
5 10 11 15 19 20 
5 6 8 9 10 11 12 13 14 15 16 17 18 19 20 21 22 23 24 
5 6 7 10 11 15 20 
0 5 
5 10 15 16 17 20 21 
5 10 11 15 20 
5 6 7 8 9 10 11 12 13 14 15 16 17 18 19 20 21 22 23 24 
5 10 15 20 
5 10 15 20 
5 10 11 12 14 15 17 19 20 
5 10 12 15 17 20 
5 10 12 15 20 
0 5 
0 18 19 24 
5 6 7 8 10 11 12 13 14 15 16 17 18 19 20 21 22 24 
5 10 15 20 24 
5 6 10 11 15 19 20 21 24 
5 10 15 20 
5 10 15 17 18 20 21 22 23 
5 10 15 20 
5 10 15 20 
5 10 15 20 
5 6 7 10 11 12 15 20 23 
12 14 17 18 19 20 21 22 23 24 
0 
5 10 15 20 
0 
5 10 12 15 16 18 20 23 24 
5 6 10 12 13 14 15 16 17 18 19 20 21 22 23 24 
0 5 
5 9 10 12 15 17 18 19 20 22 23 24 
0 
5 10 15 20 
5 6 7 8 9 10 11 12 15 17 18 19 20 23 24 
0 1 3 
0 
0 1 
0 
5 10 15 17 18 20 22 23 
5 7 10 12 15 20 
5 7 10 12 15 17 18 19 20 21 22 23 24 
5 10 12 15 20 22 23 24 
5 6 10 11 15 20 
5 7 10 11 12 15 20 21 24 
0 1 
5 10 12 15 17 19 20 24 
5 10 15 20 
5 6 7 10 11 12 15 20 22 
5 10 11 12 13 15 20 21 22 24 
0 1 
5 6 10 11 15 17 18 19 20 21 23 
5 10 14 15 20 24 
0 5 
0 1 2 4 
5 10 15 20 
0 1 2 4 
5 10 11 12 15 16 17 20 21 22 23 24 
5 10 15 20 
5 10 15 20 
0 5 6 10 11 12 15 17 18 20 22 
0 
0 1 5 
5 6 10 11 15 16 20 
5 10 15 20 
5 8 10 11 12 13 14 15 16 17 18 19 20 21 22 23 24 
5 6 7 8 9 10 11 12 13 14 15 16 18 20 21 
5 10 15 19 20 22 
0 
17 18 19 20 21 22 23 24 
0 5 
5 7 10 12 15 17 18 20 22 23 24 
5 10 11 12 15 20 
0 5 10 15 16 20 
0 2 5 
5 10 15 20 
5 6 7 9 10 11 12 15 16 17 19 20 
5 10 15 20 
0 
5 10 15 20 
5 10 15 20 
5 10 11 12 15 16 17 18 19 20 21 22 23 24 
5 6 7 9 10 11 12 13 14 15 16 17 18 19 20 22 24 
5 10 11 12 15 16 17 20 21 
0 5 
0 1 3 4 5 
5 6 10 11 15 16 17 19 20 
0 5 10 15 
5 7 10 15 19 20 
5 10 15 16 20 
5 6 7 8 10 11 12 15 16 17 18 20 21 22 23 24 
5 10 12 15 19 20 21 22 23 24 
0 
8 10 15 17 18 19 20 21 22 23 24 
5 10 11 12 15 17 18 20 21 22 23 24 
5 6 10 11 12 15 16 17 18 19 20 21 24 
5 10 15 20 
5 10 15 20 
5 10 15 20 21 
5 10 15 17 20 
5 6 10 12 14 15 17 18 19 20 22 23 24 
0 5 
5 10 15 20 24 
5 10 11 15 20 23 24 
5 10 12 15 16 20 
5 6 7 10 11 12 13 14 15 20 
5 10 15 20 
0 5 6 10 15 20 
0 5 
5 10 15 20 
5 6 10 11 12 15 20 
5 10 11 15 16 17 18 20 21 22 23 24 
0 1 2 3 4 5 
0 
5 10 12 14 15 17 18 19 20 21 22 23 24 
0 5 
5 10 15 20 
0 5 
5 7 10 11 12 15 16 20 
5 6 7 10 11 12 13 15 16 20 21 22 
5 10 15 20 
5 6 10 11 12 15 17 18 20 21 22 24 
5 10 15 
5 10 12 14 15 17 18 19 20 21 22 23 24 
5 10 15 20 
5 6 10 11 12 14 15 16 17 19 20 22 
5 10 15 17 20 22 
0 15 
0 5 10 15 16 20 
0 
0 
0 
5 6 7 8 10 11 12 13 15 16 17 18 19 20 21 22 23 24 
5 10 15 20 
0 1 
5 10 18 20 24 
0 5 
0 7 20 
0 1 3 5 
5 20 22 23 24 
0 
5 10 15 20 
5 10 11 12 13 14 15 16 17 18 20 21 22 23 24 
0 2 
18 19 20 22 23 24 
5 10 15 17 18 19 20 22 23 24 
5 10 15 20 
5 10 15 20 24 
0 1 
23 24 
5 10 15 17 20 21 23 
0 1 2 4 5 
5 10 12 15 20 24 
0 
0 5 10 15 17 20 
5 10 11 15 16 17 20 24 
5 10 11 12 14 15 20 21 
5 10 11 15 16 19 20 21 22 23 24 
0 5 10 15 20 
0 5 
0 
0 
0 1 5 
13 15 18 19 20 22 23 24 
5 22 23 24 
5 10 12 15 20 22 
0 3 4 5 7 8 
5 10 15 20 24 
5 10 11 15 17 20 22 24 
5 6 10 11 12 15 16 17 20 21 22 
0 
0 5 
5 8 10 12 13 15 16 17 18 19 20 21 22 23 24 
5 6 10 11 12 13 14 15 16 17 18 19 20 21 22 23 24 
0 5 10 15 20 
5 10 15 20 
0 5 10 15 20 
5 6 10 11 15 16 20 
5 9 10 11 15 20 
5 10 11 15 17 20 
5 10 15 20 21 23 24 
5 6 7 10 11 12 15 16 17 20 21 22 
0 
0 4 5 
5 10 15 20 
5 10 11 12 13 14 15 17 18 19 20 21 22 23 24 
0 
5 7 10 11 12 13 14 15 16 17 18 19 20 21 22 23 24 
5 10 15 20 22 
0 
0 5 
5 10 15 20 
5 10 11 12 15 17 20 
5 10 15 20 24 
0 5 
5 10 15 19 20 22 23 24 
5 10 15 20 24 
0 
5 10 15 20 
5 10 15 20 24 
5 6 10 11 12 15 19 20 21 24 
0 1 2 3 4 5 
5 10 15 20 
0 1 3 5 
0 5 
0 5 
5 10 15 20 
5 10 15 20 
5 6 8 9 10 13 15 16 17 20 21 22 23 24 
5 10 11 12 15 19 20 22 23 
5 10 12 15 20 22 24 
5 6 10 11 12 15 16 17 18 20 21 22 23 24 
5 6 10 15 20 
5 6 7 8 9 10 11 12 13 14 15 16 17 18 19 20 21 22 23 24 
5 6 10 15 20 
0 5 
0 
5 10 15 20 
5 10 11 15 20 
5 10 15 20 
0 5 
0 5 
0 
5 10 15 17 20 22 24 
0 5 11 
0 5 10 15 20 22 
5 7 8 9 10 11 12 13 14 15 16 17 18 19 20 21 22 23 24 
5 10 15 20 
0 1 5 
5 6 10 11 12 15 20 
5 10 15 20 
0 5 
5 10 15 17 18 19 20 21 22 23 24 
5 10 15 20 
5 10 15 
5 10 11 12 13 14 15 17 18 19 20 22 23 24 
0 
0 
0 
5 10 11 15 19 20 21 
5 6 7 8 9 10 11 12 13 14 15 16 17 18 19 20 21 22 23 24 
5 10 13 15 16 17 18 19 20 21 22 23 24 
0 1 2 
5 9 10 11 12 13 14 15 17 18 19 20 23 24 
5 10 15 20 
0 1 2 3 5 
5 6 8 10 11 12 13 15 16 17 18 19 20 24 
5 10 15 20 23 24 
0 3 4 5 
5 8 10 13 15 17 18 19 20 21 22 23 24 
0 5 
5 10 15 20 
5 10 11 15 18 20 24 
5 10 11 12 15 16 17 20 21 22 
0 1 
5 7 10 11 12 14 15 16 17 18 20 21 22 23 24 
5 7 8 10 15 20 21 22 23 24 
5 7 9 10 11 15 20 
0 
0 5 
0 
0 
5 6 10 11 15 20 
0 5 
0 
5 7 14 19 20 22 23 24 
5 6 10 11 15 20 
0 
5 10 15 17 18 20 23 
5 10 11 13 14 15 16 17 18 19 20 21 22 23 24 
5 8 10 12 15 16 17 18 20 21 22 23 24 
5 10 11 13 15 18 19 20 21 23 24 
0 5 
0 1 4 5 
5 10 15 20 
5 10 14 15 17 18 19 20 21 22 23 24 
5 10 12 15 16 18 19 20 21 23 24 
0 5 10 15 20 
5 10 15 20 
5 6 7 10 11 12 13 15 18 19 20 21 22 23 24 
0 
5 10 11 15 20 
5 10 15 20 
0 
5 6 7 8 10 11 13 14 15 16 18 20 21 
0 5 
0 
0 5 10 15 20 
0 
5 10 15 20 
5 10 15 20 
5 6 10 15 20 
5 6 10 12 15 18 19 20 
5 6 7 10 11 12 15 16 17 18 19 20 22 23 24 
0 5 
0 4 
5 6 7 10 11 12 15 16 17 19 20 21 22 23 24 
5 10 15 16 17 20 21 23 
5 10 15 20 
5 10 15 16 20 
5 10 11 14 15 16 17 18 19 20 22 23 24 
5 10 15 20 
0 1 
5 10 15 20 24 
0 
5 10 15 20 
5 10 15 20 21 22 23 24 
5 10 12 15 16 20 
5 10 11 12 15 16 20 
5 6 7 10 11 12 15 16 20 
5 10 11 12 15 20 
5 6 10 11 15 16 17 20 21 
0 5 10 
0 2 3 
5 7 8 9 10 11 12 13 14 15 16 17 18 20 22 23 24 
0 5 10 12 15 16 18 20 23 24 
5 10 11 15 19 20 21 22 23 24 
5 7 10 15 17 18 20 22 23 24 
5 10 15 20 
5 10 15 16 17 20 
5 10 15 20 22 23 
0 
20 22 23 24 
0 1 
0 1 5 
5 10 15 20 24 
5 6 7 10 11 12 15 16 17 18 19 20 21 22 24 
0 5 
0 2 3 4 5 
0 
5 10 15 20 
0 
5 10 12 15 18 20 21 22 23 24 
5 10 15 20 24 
0 
0 5 
0 
5 10 15 20 24 
5 7 9 10 11 13 15 16 17 20 
5 10 15 20 
5 8 10 11 15 20 
5 6 10 11 13 15 20 21 22 24 
0 
5 6 8 10 11 12 13 15 16 17 19 20 21 22 23 24 
0 1 5 
0 5 10 15 20 
5 10 11 15 20 
5 6 10 11 14 15 20 
5 10 15 20 
0 
0 
5 10 15 20 
0 2 5 
5 6 7 8 10 11 12 15 16 17 18 19 20 22 23 24 
0 5 
5 6 10 11 12 15 17 20 
5 10 11 12 15 16 17 20 21 22 24 
5 10 15 20 
5 10 15 20 
0 5 
5 6 7 8 10 11 12 13 14 15 16 17 18 19 20 21 22 23 24 
0 5 
5 10 15 20 
5 6 7 8 9 10 11 12 13 14 15 16 17 18 19 20 21 22 
0 5 10 13 15 20 24 
5 10 15 20 24 
0 
0 1 2 
5 6 10 11 15 16 20 21 22 24 
0 5 10 15 20 
14 19 24 
5 10 14 15 20 
0 1 4 5 
5 10 11 13 15 17 20 22 24 
5 10 15 20 
0 5 10 15 20 
5 7 8 10 11 12 13 14 15 17 18 19 20 23 24 
0 4 
5 6 7 8 10 11 12 15 17 18 20 21 22 23 24 
5 6 7 10 11 12 13 15 16 17 18 19 20 21 22 23 24 
0 1 2 4 
0 5 
0 5 
5 8 10 11 12 15 17 18 19 20 21 22 23 24 
5 10 11 15 20 22 24 
0 
5 6 7 8 10 11 12 13 14 15 16 17 18 19 20 21 22 23 24 
5 10 15 20 
0 1 
5 6 10 11 15 16 17 19 20 21 22 23 24 
5 10 11 12 15 20 22 23 
0 
5 10 15 20 
5 7 10 12 15 18 19 20 22 23 24 
5 10 12 15 20 22 
0 
0 1 2 3 5 
5 6 7 10 11 12 14 15 17 20 22 23 
5 8 10 11 12 13 14 15 16 17 18 19 20 21 
0 5 
0 
5 6 10 12 15 16 17 18 19 20 21 22 23 24 
0 5 10 15 
0 1 3 4 5 
24 
0 5 
15 
5 8 10 11 12 13 15 16 17 18 20 21 22 23 24 
0 5 10 14 15 19 20 22 
0 
5 10 15 17 19 20 
5 7 10 11 12 15 17 19 20 21 22 23 24 
5 6 10 11 12 15 16 17 20 21 22 23 24 
5 10 15 20 
0 
5 10 15 20 24 
22 23 24 
5 10 15 20 
21 
5 10 15 20 23 24 
5 10 12 15 17 18 19 20 23 24 
5 10 15 20 22 24 
15 17 20 22 23 24 
5 6 10 11 15 16 20 21 
5 6 7 10 11 14 15 20 22 24 
5 10 15 20 
5 6 7 10 11 12 13 15 16 17 18 19 20 21 22 23 24 
0 1 3 
5 10 15 20 
0 17 19 23 24 
5 6 7 8 9 10 11 12 13 14 15 16 17 18 19 20 21 22 23 24 
0 
0 1 2 3 4 
0 
5 10 11 12 13 15 16 17 18 19 20 21 22 23 24 
5 10 15 20 
0 1 5 
5 10 15 16 18 20 22 
0 5 6 10 
5 10 13 15 17 19 20 21 22 23 24 
0 
5 10 15 20 
0 
0 
5 7 10 15 16 20 24 
0 
5 8 10 15 20 
0 5 10 15 20 22 24 
5 10 15 20 
0 1 2 4 5 
5 6 7 9 10 11 12 13 14 15 16 17 18 19 20 21 22 24 
0 
5 6 10 11 12 13 15 17 18 20 
0 5 
0 
5 10 11 15 20 
5 6 10 11 12 14 15 16 17 20 21 24 
0 5 10 15 
0 1 4 
5 10 15 20 
5 6 10 11 15 16 20 
0 
5 10 15 20 
0 5 
5 10 15 20 22 
5 10 15 20 
19 
4 10 12 14 17 18 19 22 23 24 
0 1 2 3 4 5 
0 5 10 15 20 
0 5 10 11 15 
0 
0 5 10 15 20 
5 6 7 9 10 11 12 14 15 16 17 18 19 20 21 23 24 
5 7 10 11 12 15 16 20 
0 5 
5 6 7 10 15 20 
5 10 15 20 23 
5 10 15 20 21 22 23 24 
5 7 10 12 14 15 16 17 18 19 20 21 22 23 24 
0 
23 24 
0 1 2 3 4 5 
0 5 10 
0 5 10 15 17 18 19 20 22 24 
0 
5 10 11 12 15 16 17 20 22 
5 7 10 15 20 21 
5 10 15 20 21 22 
0 10 20 22 23 24 
0 1 4 
18 19 23 24 
5 6 7 10 11 12 15 20 22 
0 5 6 7 10 15 
0 2 
0 
5 6 10 12 15 16 17 18 19 20 21 22 23 24 
5 10 15 20 
5 9 10 12 13 14 15 19 20 22 23 24 
5 7 10 11 12 13 14 15 16 17 18 19 20 
0 5 
0 5 
0 
0 
0 5 
5 10 15 19 20 23 24 
5 10 15 16 20 
5 10 15 20 22 
0 5 
5 10 13 15 20 
5 6 10 12 14 15 16 17 20 21 22 23 
7 10 11 12 13 15 17 18 19 20 21 22 23 24 
0 5 10 15 20 
5 10 11 15 20 
5 10 15 20 22 
7 10 12 15 16 17 18 19 20 21 22 23 24 
0 
5 10 11 12 14 15 16 17 20 21 22 
0 
5 10 12 15 19 20 22 23 24 
0 5 10 20 
5 10 15 20 
5 10 15 20 24 
5 10 14 15 17 18 19 20 21 22 23 24 
0 
5 9 10 15 20 22 23 
0 
0 
0 1 5 
0 5 
5 6 7 8 10 11 12 13 14 15 16 17 18 19 20 21 22 23 24 
5 10 15 20 
0 
0 5 
0 
5 7 10 11 12 14 15 16 17 19 20 21 22 23 24 
5 10 15 20 
5 6 7 10 11 12 14 15 16 17 18 19 20 21 22 23 24 
0 5 
0 1 2 3 
0 1 5 
5 10 11 15 18 20 
5 10 15 20 
5 10 15 20 
5 10 11 12 15 17 20 22 
5 10 15 20 24 
5 10 12 15 17 18 20 21 22 23 24 
5 10 12 15 17 19 20 21 22 23 24 
5 10 11 12 15 16 17 18 19 20 21 22 23 24 
5 10 11 13 14 15 19 20 24 
5 10 15 18 20 21 22 23 24 
0 5 10 
0 5 10 11 15 20 22 24 
5 10 15 20 
0 2 
5 6 7 8 9 10 13 
0 1 
5 10 11 12 15 19 20 21 22 23 24 
5 6 8 10 12 13 14 15 17 18 19 20 21 22 23 24 
24 
0 5 
0 5 
0 4 
0 
0 5 
5 10 12 14 15 19 20 23 24 
5 10 15 20 24 
0 
0 1 
0 5 10 15 19 20 24 
5 6 7 8 10 13 14 15 17 18 19 20 21 22 23 24 
5 10 15 20 24 
5 10 15 20 24 
5 10 12 15 17 18 19 20 22 24 
5 10 15 20 
0 1 2 3 4 5 
5 6 10 11 12 15 16 17 20 21 22 
5 10 11 12 15 16 17 18 19 20 21 22 23 24 
5 10 15 20 21 24 
5 6 10 15 17 20 22 
5 10 15 20 
5 10 15 20 
5 10 13 14 15 16 17 18 19 20 21 22 23 24 
0 
5 10 11 14 15 16 18 20 21 22 24 
5 10 12 13 15 18 20 21 22 23 24 
5 6 7 8 9 10 11 12 13 14 15 16 20 
5 10 15 20 
5 10 11 15 20 
0 1 2 5 
5 10 15 20 24 
0 5 
0 1 2 3 4 
5 6 10 11 15 20 
0 
5 10 11 15 16 20 21 22 
5 6 7 8 9 10 11 12 14 15 16 17 19 20 21 22 23 24 
0 
5 9 10 11 15 16 20 
0 5 
5 6 10 11 12 15 16 17 19 20 21 22 23 24 
0 
0 2 3 4 
5 6 7 8 10 11 12 13 14 15 16 17 18 19 20 21 22 23 24 
0 
0 
0 
0 5 10 15 17 20 23 
5 9 10 11 12 13 14 15 16 17 18 19 20 21 22 23 24 
5 10 12 15 20 24 
5 10 12 15 17 20 24 
5 10 15 20 23 24 
5 10 15 20 
5 10 11 15 16 20 
5 8 10 12 14 15 17 18 19 20 22 23 24 
5 6 10 11 12 13 14 15 16 17 18 19 20 21 22 23 24 
0 
5 7 8 9 10 11 12 13 14 15 16 18 19 20 21 22 23 24 
5 10 15 20 
5 10 12 15 16 20 
0 3 4 5 
5 10 15 20 
10 15 17 18 19 20 22 23 24 
5 10 15 20 
5 10 11 12 15 16 17 18 19 20 21 22 23 24 
0 1 
0 1 2 3 4 5 6 7 8 9 10 11 12 13 14 15 16 17 18 19 20 21 22 23 24 
0 1 2 3 4 5 6 7 8 9 10 11 12 13 14 15 16 17 18 19 20 21 22 23 24 
0 1 2 3 4 5 6 7 8 9 10 11 12 13 14 15 16 17 18 19 20 21 22 23 24 
